0 2 0 0 0 5 0 0 0 0 0 10 
0 0 5 0 0 0 0 0 0 0 0 0 
0 0 0 12 0 0 2 4 8 0 0 0 
0 0 0 0 9 0 0 0 0 0 0 0 
0 0 0 0 0 0 0 0 0 0 0 0 
0 0 0 0 0 0 7 0 0 0 0 0 
0 0 0 0 0 0 0 0 5 0 0 0 
0 0 0 5 12 0 0 0 0 7 0 0 
0 0 0 0 0 0 0 2 0 9 0 4 
0 0 0 0 1 0 0 0 0 0 0 0 
0 0 0 0 0 0 0 0 0 6 0 0 
0 0 0 0 0 0 6 0 0 0 11 0 



2 5 10 0 0 0 0 0 0 0 0 0 0 0 0 0 0 0 0 0 0
-2 0 0 5 0 0 0 0 0 0 0 0 0 0 0 0 0 0 0 0 0
0 0 0 -5 12 2 4 8 0 0 0 0 0 0 0 0 0 0 0 0 0
0 0 0 0 -12 0 0 0 9 0 0 -5 0 0 0 0 0 0 0 0 0
0 0 0 0 0 0 0 0 -9 0 0 0 -12 0 0 0 0 -1 0 0 0
0 -5 0 0 0 0 0 0 0 7 0 0 0 0 0 0 0 0 0 0 0
0 0 0 0 0 -2 0 0 0 -7 5 0 0 0 0 0 0 0 0 -6 0
0 0 0 0 0 0 -4 0 0 0 0 5 12 7 -2 0 0 0 0 0 0
0 0 0 0 0 0 0 -8 0 0 -5 0 0 0 2 9 4 0 0 0 0
0 0 0 0 0 0 0 0 0 0 0 0 0 -7 0 -9 0 1 -6 0 0
0 0 0 0 0 0 0 0 0 0 0 0 0 0 0 0 0 0 6 0 -11
0 0 -10 0 0 0 0 0 0 0 0 0 0 0 0 0 -4 0 0 6 11



0	1	2
0	5	5
0	11	10
1	2	5
2	3	12
2	6	2
2	7	4
2	8	8
3	4	9
5	6	7
6	8	5
7	3	5
7	4	12
7	9	7
8	7	2
8	9	9
9	4	1
10	9	6
11	10	11
	


1	2
2	5
3	12
3	5
4	9
4	12
4	1
5	5
6	7
6	2
6	6
7	4
7	2
8	8
8	5
9	7
9	9
9	6
10	11
11	10
11	4


