0 2 0 0 0 5 0 0 0 0 0 10 
2 0 5 0 0 0 0 0 0 0 0 0
0 5 0 12 0 0 2 4 8 0 0 0 
0 0 12 0 9 0 0 5 0 0 0 0 
0 0 0 9 0 0 0 12 0 1 0 0
5 0 0 0 0 0 7 0 0 0 0 0 
0 0 2 0 0 7 0 0 5 0 0 6
0 0 4 5 12 0 0 0 2 7 0 0
0 0 8 0 0 0 5 2 0 9 0 4
0 0 0 0 1 0 0 7 9 0 6 0
0 0 0 0 0 0 0 0 0 6 0 11 
10 0 0 0 0 0 6 0 4 0 11 0


2 0 0 5 0 0 0 0 0 0 0 0 0 0 0 0 0 0 0 0 10
2 5 0 0 0 0 0 0 0 0 0 0 0 0 0 0 0 0 0 0 0
0 5 12 0 0 2 4 8 0 0 0 0 0 0 0 0 0 0 0 0 0
0 0 12 0 0 0 0 0 0 0 0 0 0 0 0 0 0 9 5 0 0
0 0 0 0 0 0 0 0 0 0 0 0 0 0 0 1 12 9 0 0 0
0 0 0 5 7 0 0 0 0 0 0 0 0 0 0 0 0 0 0 0 0
0 0 0 0 7 2 0 0 5 6 0 0 0 0 0 0 0 0 0 0 0
0 0 0 0 0 0 4 0 0 0 0 0 0 0 7 0 12 0 5 2 0
0 0 0 0 0 0 0 8 5 0 4 0 0 9 0 0 0 0 0 2 0
0 0 0 0 0 0 0 0 0 0 0 0 6 9 7 1 0 0 0 0 0
0 0 0 0 0 0 0 0 0 0 0 11 6 0 0 0 0 0 0 0 0
0 0 0 0 0 0 0 0 0 6 4 11 0 0 0 0 0 0 0 0 10


1	0	2
0	1	2
2	0	5
0	2	5
5	0	10
0	5	10
1	3	5
3	1	5
2	4	7
4	2	7
3	4	12
4	3	12
3	8	12
8	3	12
4	5	6
5	4	6
4	6	8
6	4	8
4	7	5
7	4	5
5	7	4
7	5	4
5	10	11
10	5	11
6	7	2
7	6	2
6	13	12
13	6	12
7	9	9
9	7	9
7	13	7
13	7	7
8	13	9
13	8	9
9	12	2
12	9	2
10	11	6
11	10	6


1	2
2	5
5	10
0	2
3	5
0	5
4	7
1	5
4	12
8	12
2	7
3	12
5	6
6	8
7	5
0	10
4	6
7	4
10	11
4	8
7	2
13	12
4	5
5	4
6	2
9	9
13	7
3	12
13	9
7	9
12	2
5	11
11	6
10	6
9	2
6	12
7	7
8	9
